[CameraSettings]
MoveSpeed=26.770000
RotSpeed=0.240000
[GridSettings]
GridStep=1.000000
