[CameraSettings]
MoveSpeed=16.879999
RotSpeed=0.360000
[GridSettings]
GridStep=1.000000
