[CameraSettings]
MoveSpeed=8.990000
RotSpeed=0.500000
[GridSettings]
GridStep=1.010000
