[CameraSettings]
MoveSpeed=5.000000
RotSpeed=0.100000
