[CameraSettings]
MoveSpeed=3.970000
RotSpeed=0.100000
[GridSettings]
GridStep=1.000000
