[CameraSettings]
MoveSpeed=14.830000
RotSpeed=0.100000
