[CameraSettings]
MoveSpeed=12.370000
RotSpeed=0.100000
[GridSettings]
GridStep=0.100000
