[CameraSettings]
MoveSpeed=16.240000
RotSpeed=0.100000
[GridSettings]
GridStep=1.000000
