[CameraSettings]
MoveSpeed=5.000000
RotSpeed=0.100000
[GridSettings]
GridStep=1.000000
