[CameraSettings]
MoveSpeed=40.549999
RotSpeed=0.180000
[GridSettings]
GridStep=3.140000
