[CameraSettings]
MoveSpeed=14.830000
RotSpeed=0.100000
[GridSettings]
GridStep=1.870000
