[CameraSettings]
MoveSpeed=8.110000
RotSpeed=0.180000
[GridSettings]
GridStep=3.140000
