[CameraSettings]
MoveSpeed=2.900000
RotSpeed=0.100000
