[CameraSettings]
MoveSpeed=8.110000
RotSpeed=0.090000
[GridSettings]
GridStep=1.010000
