[CameraSettings]
MoveSpeed=26.770000
RotSpeed=0.240000
[GridSettings]
GridStep=-1998397155538108416.000000
