{
  "Actors" : [{
      "ClassName" : "ASkeletalMeshActor",
      "Name" : "ASkeletalMeshActor_0",
      "NonSceneComponents" : [],
      "RootComponent" : {
        "Children" : [{
            "Children" : [],
            "ClassName" : "UStaticMeshComponent",
            "Name" : "UStaticMeshComponent_2",
            "Properties" : {
              "Cast Shadow" : true,
              "CollisionChannel" : 1,
              "Element 0" : {
                "Path" : "Asset/Content/Materials/SolarSystem/textures/earth.json"
              },
              "Generate Hit Events" : false,
              "Generate Overlap Events" : false,
              "Is Editor Helper" : false,
              "Location" : [0.000000, 0.000000, -2.300000],
              "Mobility" : 1,
              "Receives Decals" : true,
              "Rotation" : [-69.199997, -9.800003, 11.699997],
              "Scale" : [5.000000, 5.000000, 5.000000],
              "Static Mesh" : "Asset/Content/Models/SolarSystem/source/earth.obj",
              "Visible" : true,
              "Visible In Editor" : true,
              "Visible In Game" : true,
              "bTickEnable" : true
            }
          }, {
            "Children" : [],
            "ClassName" : "UTextRenderComponent",
            "Name" : "UTextRenderComponent_0",
            "Properties" : {
              "Billboard" : true,
              "CollisionChannel" : 1,
              "Font" : "Default",
              "Font Size" : 1.000000,
              "Generate Hit Events" : false,
              "Generate Overlap Events" : false,
              "Is Editor Helper" : false,
              "Location" : [0.000000, 0.000000, 2.000000],
              "Mobility" : 1,
              "Receives Decals" : true,
              "Rotation" : [0.000000, 0.000000, 0.000000],
              "Scale" : [1.000000, 1.000000, 1.000000],
              "Text" : "로도스의 거상",
              "Visible" : true,
              "Visible In Editor" : true,
              "Visible In Game" : true,
              "bTickEnable" : true
            }
          }],
        "ClassName" : "USkeletalMeshComponent",
        "Name" : "USkeletalMeshComponent_2",
        "Properties" : {
          "Bone Local Matrices" : [[-0.000000, 0.000000, 1.000000, 0.000000, 0.000000, 1.000000, 0.000000, 0.000000, -1.000000, 0.000000, -0.000000, 0.000000, 0.000000, 0.000000, 0.000000, 1.000000], [-0.000000, 0.000000, -1.000000, 0.000000, 0.000000, 1.000000, 0.000000, 0.000000, 1.000000, 0.000000, -0.000000, 0.000000, 0.920829, 0.000000, -0.022210, 1.000000], [0.998816, 0.000000, -0.048656, 0.000000, 0.000000, 1.000000, 0.000000, 0.000000, 0.048656, 0.000000, 0.998816, 0.000000, 0.000001, 0.000000, 0.064435, 1.000000], [0.949264, 0.000000, 0.314481, 0.000000, 0.000000, 1.000000, 0.000000, 0.000000, -0.314481, 0.000000, 0.949264, 0.000000, 0.000000, 0.000000, 0.157770, 1.000000], [0.911038, 0.000000, -0.412322, 0.000000, 0.000000, 1.000000, 0.000000, 0.000000, 0.412322, 0.000000, 0.911038, 0.000000, -0.000000, 0.000000, 0.158118, 1.000000], [0.726077, 0.678342, 0.112535, 0.000000, -0.670338, 0.734746, -0.103896, 0.000000, -0.153161, 0.000000, 0.988201, 0.000000, 0.000000, 0.000000, 0.063338, 1.000000], [-0.022851, 0.149273, 0.988532, 0.000000, 0.297442, -0.942998, 0.149273, 0.000000, 0.954466, 0.297442, -0.022851, 0.000000, 0.036760, 0.029053, 0.063770, 1.000000], [-0.022851, -0.149273, 0.988532, 0.000000, -0.297442, -0.942998, -0.149273, 0.000000, 0.954466, -0.297442, -0.022851, 0.000000, 0.036760, -0.029053, 0.063770, 1.000000], [1.000000, 0.000000, 0.000000, 0.000000, 0.000000, 1.000000, 0.000000, 0.000000, -0.000000, 0.000000, 1.000000, 0.000000, -0.010598, 0.000000, 0.132603, 1.000000], [-0.999356, -0.000000, -0.031478, 0.000000, -0.000000, 1.000000, -0.000000, 0.000000, 0.031483, -0.000000, -0.999504, 0.000000, 0.105756, -0.000000, 0.133640, 1.000000], [0.997102, -0.000000, -0.076079, 0.000000, 0.000000, 1.000000, -0.000000, 0.000000, 0.076079, 0.000000, 0.997102, 0.000000, 0.000000, -0.000000, 0.030887, 1.000000], [0.992747, 0.000000, -0.120219, 0.000000, -0.000000, 1.000000, -0.000000, 0.000000, 0.120219, 0.000000, 0.992748, 0.000000, -0.000000, 0.000000, 0.030887, 1.000000], [-0.985394, 0.104502, 0.134395, 0.000000, 0.118966, 0.987375, 0.104510, 0.000000, -0.121778, 0.118974, -0.985401, 0.000000, 0.100313, 0.045070, 0.127687, 1.000000], [0.994342, -0.046857, -0.095336, 0.000000, 0.053277, 0.996400, 0.065947, 0.000000, 0.091903, -0.070653, 0.993258, 0.000000, 0.000000, 0.000000, 0.023401, 1.000000], [0.992683, -0.039460, -0.114119, 0.000000, 0.046311, 0.997241, 0.058017, 0.000000, 0.111515, -0.062877, 0.991772, 0.000000, 0.000000, 0.000000, 0.023401, 1.000000], [-0.993513, -0.112749, 0.014848, 0.000000, -0.113705, 0.987094, -0.112748, 0.000000, -0.001944, -0.113706, -0.993512, 0.000000, 0.092041, -0.054399, 0.128018, 1.000000], [0.984669, 0.151590, -0.086298, 0.000000, -0.163980, 0.973132, -0.161630, 0.000000, 0.059478, 0.173303, 0.983071, 0.000000, -0.000000, 0.000000, 0.028233, 1.000000], [0.957865, 0.200121, -0.206024, 0.000000, -0.243107, 0.946877, -0.210530, 0.000000, 0.152948, 0.251745, 0.955631, 0.000000, -0.000000, 0.000000, 0.028233, 1.000000], [-0.993791, -0.023990, 0.108614, 0.000000, -0.026747, 0.999354, -0.023991, 0.000000, -0.107969, -0.026747, -0.993794, 0.000000, 0.071504, 0.084866, 0.115046, 1.000000], [0.977398, -0.186923, 0.098753, 0.000000, 0.163308, 0.964228, 0.208793, 0.000000, -0.134249, -0.187946, 0.972961, 0.000000, 0.000000, -0.000000, 0.036746, 1.000000], [0.988822, -0.124931, 0.081391, 0.000000, 0.112547, 0.983424, 0.142167, 0.000000, -0.097803, -0.131418, 0.986491, 0.000000, 0.000000, 0.000000, 0.036747, 1.000000], [-0.988242, -0.020570, 0.151473, 0.000000, -0.023958, 0.999501, -0.020571, 0.000000, -0.150975, -0.023958, -0.988247, 0.000000, 0.040509, 0.094958, 0.116448, 1.000000], [0.981913, -0.139466, 0.128049, 0.000000, 0.117983, 0.979664, 0.162289, 0.000000, -0.148079, -0.144246, 0.978400, 0.000000, 0.000000, -0.000000, 0.037441, 1.000000], [0.981829, -0.159301, 0.103122, 0.000000, 0.139200, 0.973921, 0.179167, 0.000000, -0.128974, -0.161557, 0.978399, 0.000000, -0.000000, -0.000000, 0.037441, 1.000000], [0.915078, -0.402189, 0.029611, 0.000000, 0.358541, 0.844981, 0.396807, 0.000000, -0.184612, -0.352492, 0.917424, 0.000000, -0.000000, 0.000000, 0.037441, 1.000000], [-0.957081, 0.121793, 0.262982, 0.000000, 0.158159, 0.979873, 0.121794, 0.000000, -0.242856, 0.158160, -0.957082, 0.000000, 0.000771, 0.108950, 0.115089, 1.000000], [0.978303, -0.086171, 0.188410, 0.000000, 0.072360, 0.994245, 0.078999, 0.000000, -0.194133, -0.063652, 0.978908, 0.000000, -0.000000, 0.000000, 0.030421, 1.000000], [0.971228, -0.078479, 0.224848, 0.000000, 0.064514, 0.995542, 0.068809, 0.000000, -0.229246, -0.052324, 0.971961, 0.000000, 0.000000, 0.000000, 0.030421, 1.000000], [-0.993812, -0.084893, 0.071712, 0.000000, -0.090885, 0.992249, -0.084886, 0.000000, -0.063948, -0.090877, -0.993807, 0.000000, 0.030685, -0.088466, 0.129288, 1.000000], [0.974755, 0.195430, 0.107983, 0.000000, -0.171726, 0.965282, -0.196828, 0.000000, -0.142700, 0.173315, 0.974473, 0.000000, -0.000000, 0.000000, 0.036271, 1.000000], [0.953275, 0.282832, 0.106174, 0.000000, -0.243994, 0.928034, -0.281461, 0.000000, -0.178139, 0.242404, 0.953681, 0.000000, 0.000000, 0.000000, 0.036271, 1.000000], [-0.984640, 0.168635, 0.045234, 0.000000, 0.173911, 0.970212, 0.168634, 0.000000, -0.015449, 0.173911, -0.984640, 0.000000, -0.022781, -0.086209, 0.071583, 1.000000], [0.938300, 0.193862, 0.286376, 0.000000, -0.124496, 0.961934, -0.243275, 0.000000, -0.322637, 0.192612, 0.926718, 0.000000, 0.000000, 0.000000, 0.033982, 1.000000], [0.928241, 0.371509, -0.018680, 0.000000, -0.360601, 0.886389, -0.290312, 0.000000, -0.091296, 0.276215, 0.956750, 0.000000, 0.000000, 0.000000, 0.033982, 1.000000], [0.754726, -0.384463, -0.531580, 0.000000, 0.641630, 0.601481, 0.475953, 0.000000, 0.136749, -0.700292, 0.700637, 0.000000, 0.015726, -0.013219, 0.037889, 1.000000], [-0.780799, -0.149839, 0.606549, 0.000000, -0.297353, 0.942937, -0.149839, 0.000000, -0.549486, -0.297353, -0.780799, 0.000000, -0.035101, -0.102039, 0.097168, 1.000000], [0.937172, -0.190407, -0.292326, 0.000000, 0.290992, 0.888846, 0.353944, 0.000000, 0.192440, -0.416771, 0.888408, 0.000000, -0.000000, -0.000000, 0.024976, 1.000000], [0.739379, 0.238953, 0.629460, 0.000000, -0.476809, 0.845904, 0.238953, 0.000000, -0.475364, -0.476810, 0.739379, 0.000000, -0.051917, -0.022518, 0.228708, 1.000000], [1.000000, -0.000002, -0.000003, 0.000000, 0.000002, 1.000000, -0.000002, 0.000000, 0.000003, 0.000002, 1.000000, 0.000000, -0.000000, -0.000000, 0.040051, 1.000000], [0.998430, -0.055528, -0.007414, 0.000000, 0.054467, 0.993146, -0.103410, 0.000000, 0.013105, 0.102843, 0.994611, 0.000000, 0.000000, 0.000000, 0.037585, 1.000000], [0.774442, -0.236576, 0.586746, 0.000000, 0.443346, 0.864567, -0.236576, 0.000000, -0.451313, 0.443346, 0.774442, 0.000000, -0.054321, 0.025988, 0.232403, 1.000000], [0.999718, 0.000412, 0.023753, 0.000000, -0.000761, 0.999892, 0.014687, 0.000000, -0.023744, -0.014701, 0.999610, 0.000000, 0.000000, -0.000000, 0.054274, 1.000000], [0.997526, 0.065676, 0.025077, 0.000000, -0.068564, 0.987684, 0.140637, 0.000000, -0.015532, -0.142008, 0.989744, 0.000000, -0.000000, -0.000000, 0.051807, 1.000000], [-0.159762, -0.008137, 0.987122, 0.000000, -0.100949, 0.994858, -0.008137, 0.000000, -0.981981, -0.100949, -0.159762, 0.000000, -0.073889, 0.000001, 0.220078, 1.000000], [0.859925, 0.064090, 0.506381, 0.000000, -0.005050, 0.993105, -0.117118, 0.000000, -0.510395, 0.098155, 0.854320, 0.000000, 0.000000, -0.000000, 0.031462, 1.000000], [0.935408, 0.031109, 0.352199, 0.000000, -0.008205, 0.997763, -0.066340, 0.000000, -0.353475, 0.059165, 0.933571, 0.000000, 0.000000, 0.000000, 0.031808, 1.000000], [0.976862, 0.005184, 0.213808, 0.000000, -0.000345, 0.999743, -0.022665, 0.000000, -0.213871, 0.022067, 0.976613, 0.000000, 0.000000, -0.000000, 0.037399, 1.000000], [0.990714, -0.009701, 0.135616, 0.000000, 0.009538, 0.999953, 0.001855, 0.000000, -0.135628, -0.000545, 0.990760, 0.000000, -0.000000, 0.000000, 0.043707, 1.000000], [0.995670, -0.018995, 0.090997, 0.000000, 0.017648, 0.999723, 0.015586, 0.000000, -0.091268, -0.013912, 0.995729, 0.000000, 0.000000, 0.000000, 0.048882, 1.000000], [0.997784, -0.025202, 0.061579, 0.000000, 0.023781, 0.999436, 0.023698, 0.000000, -0.062142, -0.022181, 0.997821, 0.000000, 0.000000, -0.000000, 0.052374, 1.000000], [0.998851, -0.029059, 0.038102, 0.000000, 0.027993, 0.999210, 0.028215, 0.000000, -0.038892, -0.027116, 0.998875, 0.000000, 0.000000, 0.000000, 0.054093, 1.000000], [0.999422, -0.030398, 0.015250, 0.000000, 0.029938, 0.999116, 0.029494, 0.000000, -0.016133, -0.029021, 0.999449, 0.000000, 0.000000, -0.000000, 0.054116, 1.000000], [0.999534, -0.028424, -0.011156, 0.000000, 0.028714, 0.999228, 0.026807, 0.000000, 0.010385, -0.027115, 0.999578, 0.000000, -0.000000, -0.000000, 0.052591, 1.000000], [0.998709, -0.021852, -0.045855, 0.000000, 0.022717, 0.999572, 0.018416, 0.000000, 0.045433, -0.019434, 0.998778, 0.000000, 0.000000, 0.000000, 0.049720, 1.000000], [0.995393, -0.009370, -0.095422, 0.000000, 0.009568, 0.999953, 0.001612, 0.000000, 0.095403, -0.002518, 0.995436, 0.000000, -0.000000, 0.000000, 0.045792, 1.000000], [0.025168, 0.226882, 0.973597, 0.000000, 0.996787, 0.068384, -0.041703, 0.000000, -0.076041, 0.971519, -0.224432, 0.000000, -0.005980, 0.016754, 0.137776, 1.000000], [-0.647153, 0.455328, 0.611449, 0.000000, -0.142372, -0.860120, 0.489821, 0.000000, 0.748948, 0.229936, 0.621455, 0.000000, 0.000000, -0.000000, 0.081534, 1.000000], [0.999997, 0.000004, -0.002595, 0.000000, 0.000005, 0.999994, 0.003339, 0.000000, 0.002595, -0.003339, 0.999991, 0.000000, -0.000234, 0.000301, 0.135450, 1.000000], [0.999848, -0.007255, 0.015870, 0.000000, 0.007387, 0.999939, -0.008233, 0.000000, -0.015809, 0.008349, 0.999840, 0.000000, 0.000000, 0.000000, 0.225759, 1.000000], [1.000000, 0.000000, -0.000000, 0.000000, -0.000000, 1.000000, 0.000000, 0.000000, 0.000000, 0.000000, 1.000000, 0.000000, -0.000000, -0.000000, 0.124970, 1.000000], [0.999705, -0.020088, -0.013625, 0.000000, 0.020737, 0.998568, 0.049319, 0.000000, 0.012615, -0.049587, 0.998690, 0.000000, 0.000000, -0.000000, 0.208283, 1.000000], [0.998644, -0.018481, 0.048676, 0.000000, 0.019805, 0.999443, -0.026868, 0.000000, -0.048153, 0.027796, 0.998453, 0.000000, 0.002257, 0.006861, 0.070649, 1.000000], [0.999739, -0.017685, 0.014431, 0.000000, 0.017542, 0.999796, 0.010018, 0.000000, -0.014605, -0.009762, 0.999846, 0.000000, 0.000000, 0.000000, 0.039131, 1.000000], [0.997579, -0.060506, 0.034279, 0.000000, 0.058766, 0.997035, 0.049674, 0.000000, -0.037183, -0.047539, 0.998177, 0.000000, -0.000000, 0.000000, 0.023586, 1.000000], [0.998151, -0.012587, 0.059467, 0.000000, 0.015472, 0.998712, -0.048317, 0.000000, -0.058782, 0.049148, 0.997060, 0.000000, -0.012303, 0.019013, 0.070453, 1.000000], [0.999934, -0.006632, -0.009401, 0.000000, 0.006828, 0.999755, 0.021053, 0.000000, 0.009259, -0.021116, 0.999734, 0.000000, 0.000000, 0.000000, 0.034626, 1.000000], [0.995934, -0.077243, 0.046361, 0.000000, 0.074386, 0.995394, 0.060475, 0.000000, -0.050818, -0.056781, 0.997093, 0.000000, 0.000000, -0.000000, 0.019331, 1.000000], [0.813843, -0.272376, 0.513295, 0.000000, 0.330684, 0.943444, -0.023677, 0.000000, -0.477816, 0.189008, 0.857885, 0.000000, -0.021911, 0.012353, 0.011432, 1.000000], [0.996597, 0.012466, -0.081480, 0.000000, -0.008506, 0.998774, 0.048764, 0.000000, 0.081988, -0.047905, 0.995481, 0.000000, 0.000000, 0.000000, 0.034286, 1.000000], [0.998867, 0.041659, 0.023005, 0.000000, -0.040386, 0.997763, -0.053279, 0.000000, -0.025174, 0.052290, 0.998315, 0.000000, 0.000000, -0.000000, 0.026802, 1.000000], [0.998605, -0.042851, 0.030869, 0.000000, 0.041863, 0.998612, 0.031958, 0.000000, -0.032196, -0.030621, 0.999012, 0.000000, 0.009329, -0.008207, 0.068754, 1.000000], [0.998381, -0.030320, 0.048127, 0.000000, 0.030592, 0.999520, -0.004922, 0.000000, -0.047955, 0.006386, 0.998829, 0.000000, -0.000000, 0.000000, 0.035318, 1.000000], [0.999561, -0.020583, 0.021321, 0.000000, 0.020420, 0.999761, 0.007814, 0.000000, -0.021477, -0.007375, 0.999742, 0.000000, -0.000000, 0.000000, 0.025649, 1.000000], [0.998793, 0.005854, -0.048775, 0.000000, -0.003317, 0.998645, 0.051935, 0.000000, 0.049013, -0.051711, 0.997459, 0.000000, 0.011242, -0.025290, 0.063573, 1.000000], [0.999617, 0.027570, -0.002315, 0.000000, -0.027648, 0.998515, -0.046932, 0.000000, 0.001017, 0.046978, 0.998895, 0.000000, 0.000000, 0.000000, 0.031548, 1.000000], [0.980668, -0.127722, 0.148244, 0.000000, 0.123531, 0.991644, 0.037180, 0.000000, -0.151754, -0.018148, 0.988252, 0.000000, 0.000000, 0.000000, 0.019050, 1.000000], [-0.236599, 0.971519, -0.013130, 0.000000, 0.226882, 0.068384, 0.971519, 0.000000, 0.944746, 0.226882, -0.236599, 0.000000, 0.035653, -0.008740, 0.060543, 1.000000], [0.885436, 0.307381, -0.348597, 0.000000, -0.387547, 0.902324, -0.188730, 0.000000, 0.256535, 0.302206, 0.918075, 0.000000, 0.021717, 0.034580, 0.077722, 1.000000], [0.093710, 0.970796, 0.220848, 0.000000, -0.116759, -0.209577, 0.970796, 0.000000, 0.988729, -0.116759, 0.093710, 0.000000, 0.000000, 0.000000, 0.034006, 1.000000], [-0.236599, 0.971518, -0.013130, 0.000000, 0.226882, 0.068384, 0.971519, 0.000000, 0.944746, 0.226882, -0.236599, 0.000000, -0.020272, 0.065498, 0.081905, 1.000000], [0.025168, -0.226882, 0.973597, 0.000000, -0.996787, 0.068384, 0.041703, 0.000000, -0.076041, -0.971519, -0.224432, 0.000000, -0.005980, -0.016754, 0.137776, 1.000000], [-0.746131, -0.013535, 0.665661, 0.000000, -0.324392, -0.865707, -0.381209, 0.000000, 0.581428, -0.500367, 0.641541, 0.000000, 0.000000, 0.000000, 0.081534, 1.000000], [0.999998, -0.000002, -0.001832, 0.000000, -0.000002, 0.999997, -0.002356, 0.000000, 0.001832, 0.002356, 0.999995, 0.000000, -0.000166, -0.000213, 0.135452, 1.000000], [0.999848, 0.007255, 0.015870, 0.000000, -0.007387, 0.999939, 0.008233, 0.000000, -0.015809, -0.008349, 0.999840, 0.000000, 0.000000, 0.000000, 0.225759, 1.000000], [1.000000, -0.000000, -0.000000, 0.000000, 0.000000, 1.000000, 0.000000, 0.000000, 0.000000, -0.000000, 1.000000, 0.000000, -0.000000, 0.000000, 0.124970, 1.000000], [0.999705, 0.020088, -0.013625, 0.000000, -0.020737, 0.998568, -0.049319, 0.000000, 0.012615, 0.049587, 0.998690, 0.000000, 0.000000, 0.000000, 0.208283, 1.000000], [0.998644, 0.018481, 0.048676, 0.000000, -0.019805, 0.999443, 0.026868, 0.000000, -0.048153, -0.027796, 0.998453, 0.000000, 0.002257, -0.006861, 0.070649, 1.000000], [0.999739, 0.017685, 0.014431, 0.000000, -0.017542, 0.999796, -0.010018, 0.000000, -0.014605, 0.009762, 0.999846, 0.000000, 0.000000, -0.000000, 0.039131, 1.000000], [0.997579, 0.060506, 0.034279, 0.000000, -0.058766, 0.997035, -0.049674, 0.000000, -0.037183, 0.047539, 0.998177, 0.000000, -0.000000, 0.000000, 0.023586, 1.000000], [0.998151, 0.012587, 0.059467, 0.000000, -0.015472, 0.998712, 0.048317, 0.000000, -0.058782, -0.049148, 0.997060, 0.000000, -0.012303, -0.019013, 0.070453, 1.000000], [0.999934, 0.006632, -0.009401, 0.000000, -0.006828, 0.999755, -0.021053, 0.000000, 0.009259, 0.021116, 0.999734, 0.000000, 0.000000, 0.000000, 0.034626, 1.000000], [0.995934, 0.077243, 0.046361, 0.000000, -0.074386, 0.995394, -0.060475, 0.000000, -0.050818, 0.056781, 0.997093, 0.000000, 0.000000, 0.000000, 0.019331, 1.000000], [0.813843, 0.272376, 0.513295, 0.000000, -0.330684, 0.943444, 0.023677, 0.000000, -0.477816, -0.189008, 0.857885, 0.000000, -0.021911, -0.012353, 0.011432, 1.000000], [0.996597, -0.012466, -0.081480, 0.000000, 0.008506, 0.998774, -0.048764, 0.000000, 0.081988, 0.047905, 0.995481, 0.000000, 0.000000, -0.000000, 0.034286, 1.000000], [0.998867, -0.041659, 0.023005, 0.000000, 0.040386, 0.997763, 0.053279, 0.000000, -0.025174, -0.052290, 0.998315, 0.000000, 0.000000, 0.000000, 0.026802, 1.000000], [0.998605, 0.042851, 0.030869, 0.000000, -0.041863, 0.998612, -0.031958, 0.000000, -0.032196, 0.030621, 0.999012, 0.000000, 0.009329, 0.008207, 0.068754, 1.000000], [0.998381, 0.030320, 0.048127, 0.000000, -0.030592, 0.999520, 0.004922, 0.000000, -0.047955, -0.006386, 0.998829, 0.000000, -0.000000, 0.000000, 0.035318, 1.000000], [0.999561, 0.020583, 0.021321, 0.000000, -0.020420, 0.999761, -0.007814, 0.000000, -0.021477, 0.007375, 0.999742, 0.000000, -0.000000, -0.000000, 0.025649, 1.000000], [0.998793, -0.005854, -0.048775, 0.000000, 0.003317, 0.998645, -0.051935, 0.000000, 0.049013, 0.051711, 0.997459, 0.000000, 0.011242, 0.025290, 0.063573, 1.000000], [0.999617, -0.027570, -0.002315, 0.000000, 0.027648, 0.998515, 0.046932, 0.000000, 0.001017, -0.046978, 0.998895, 0.000000, 0.000000, 0.000000, 0.031548, 1.000000], [0.980668, 0.127722, 0.148244, 0.000000, -0.123531, 0.991644, -0.037180, 0.000000, -0.151754, 0.018148, 0.988252, 0.000000, 0.000000, -0.000000, 0.019050, 1.000000], [-0.236600, -0.971519, -0.013130, 0.000000, -0.226882, 0.068384, -0.971519, 0.000000, 0.944746, -0.226882, -0.236599, 0.000000, 0.033169, 0.010512, 0.061204, 1.000000], [0.621924, -0.493294, -0.608171, 0.000000, 0.630555, 0.775992, 0.015399, 0.000000, 0.464339, -0.393062, 0.793657, 0.000000, 0.022914, -0.033912, 0.073053, 1.000000], [0.340083, -0.903282, 0.261583, 0.000000, 0.416012, -0.104956, -0.903281, 0.000000, 0.843372, 0.416012, 0.340083, 0.000000, 0.000000, -0.000000, 0.045924, 1.000000], [-0.236599, -0.971518, -0.013130, 0.000000, -0.226882, 0.068384, -0.971519, 0.000000, 0.944746, -0.226882, -0.236599, 0.000000, -0.013136, -0.056482, 0.079160, 1.000000], [-0.236599, -0.971518, -0.013130, 0.000000, -0.226882, 0.068384, -0.971519, 0.000000, 0.944746, -0.226882, -0.236599, 0.000000, 0.017376, -0.076017, 0.100218, 1.000000], [-0.236599, -0.971519, -0.013131, 0.000000, -0.226882, 0.068384, -0.971518, 0.000000, 0.944746, -0.226882, -0.236600, 0.000000, -0.024620, -0.079992, 0.097776, 1.000000], [0.291481, 0.153400, 0.944197, 0.000000, -0.295543, -0.924325, 0.241408, 0.000000, 0.909777, -0.349416, -0.224087, 0.000000, 0.006047, -0.031114, 0.024283, 1.000000], [0.291481, -0.153400, 0.944197, 0.000000, 0.295543, -0.924325, -0.241408, 0.000000, 0.909777, 0.349416, -0.224087, 0.000000, 0.006047, 0.031114, 0.024283, 1.000000], [0.267921, -0.000000, 0.963441, 0.000000, -0.000000, -1.000000, -0.000000, 0.000000, 0.963441, 0.000000, -0.267921, 0.000000, -0.010925, 0.043234, 0.014601, 1.000000], [0.267921, -0.000000, 0.963441, 0.000000, -0.000000, -1.000000, -0.000000, 0.000000, 0.963441, 0.000000, -0.267921, 0.000000, -0.010925, -0.043234, 0.014601, 1.000000], [0.963441, 0.000000, -0.267921, 0.000000, 0.000000, 1.000000, 0.000000, 0.000000, 0.267921, 0.000000, 0.963441, 0.000000, -0.042208, -0.000007, 0.161044, 1.000000], [0.963441, 0.000000, -0.267921, 0.000000, 0.000000, 1.000000, 0.000000, 0.000000, 0.267921, 0.000000, 0.963441, 0.000000, 0.057935, -0.089166, 0.048439, 1.000000], [0.963441, 0.000000, -0.267921, 0.000000, 0.000000, 1.000000, 0.000000, 0.000000, 0.267921, 0.000000, 0.963441, 0.000000, 0.059020, 0.083059, 0.046411, 1.000000], [-0.998848, 0.000000, -0.048657, 0.000000, 0.000000, 1.000000, 0.000000, 0.000000, 0.048656, 0.000000, -0.998816, 0.000000, 0.106707, -0.000000, 0.102498, 1.000000], [1.000000, -0.000000, -0.000000, 0.000000, 0.000000, 1.000000, 0.000000, 0.000000, 0.000000, -0.000000, 1.000000, 0.000000, 0.000000, 0.000000, 0.013718, 1.000000], [1.000000, -0.000000, 0.000000, 0.000000, 0.000000, 1.000000, 0.000000, 0.000000, 0.000000, -0.000000, 1.000000, 0.000000, 0.000000, 0.000000, 0.011525, 1.000000], [1.000000, 0.000000, 0.000000, 0.000000, -0.000000, 1.000000, -0.000000, 0.000000, 0.000000, 0.000000, 1.000000, 0.000000, 0.000000, 0.000000, 0.008098, 1.000000], [1.000000, 0.000000, 0.000000, 0.000000, -0.000000, 1.000000, -0.000000, 0.000000, 0.000000, 0.000000, 1.000000, 0.000000, 0.000000, 0.000000, 0.008651, 1.000000], [1.000000, 0.000000, 0.000000, 0.000000, -0.000000, 1.000000, 0.000000, 0.000000, 0.000000, -0.000000, 1.000000, 0.000000, 0.000000, 0.000000, 0.008718, 1.000000], [1.000000, -0.000000, 0.000000, 0.000000, 0.000000, 1.000000, 0.000000, 0.000000, 0.000000, -0.000000, 1.000000, 0.000000, -0.000000, 0.000000, 0.008718, 1.000000], [1.000000, 0.000000, 0.000000, 0.000000, -0.000000, 1.000000, -0.000000, 0.000000, 0.000000, 0.000000, 1.000000, 0.000000, 0.000000, 0.000000, 0.009270, 1.000000], [1.000000, 0.000000, -0.000003, 0.000000, -0.000000, 1.000000, 0.000000, 0.000000, 0.000003, -0.000000, 1.000000, 0.000000, -0.000000, -0.000000, 0.010286, 1.000000], [-0.677259, -0.694414, -0.243275, 0.000000, -0.722245, 0.564300, 0.399914, 0.000000, -0.140420, 0.446532, -0.883680, 0.000000, -0.002128, 0.068514, -0.031737, 1.000000], [0.996741, 0.080433, -0.006147, 0.000000, -0.080330, 0.996648, 0.015469, 0.000000, 0.007370, -0.014925, 0.999861, 0.000000, 0.000000, 0.000000, 0.375122, 1.000000], [0.645368, -0.004251, 0.763860, 0.000000, 0.002899, 0.999991, 0.003116, 0.000000, -0.763866, 0.000204, 0.645374, 0.000000, -0.000000, 0.000000, 0.415633, 1.000000], [-0.715395, 0.000000, -0.698720, 0.000000, -0.000000, -1.000000, -0.000000, 0.000000, -0.698720, 0.000000, 0.715395, 0.000000, 0.000000, -0.000000, 0.106732, 1.000000], [-0.997383, 0.003113, -0.072024, 0.000000, 0.002897, 0.999991, 0.003115, 0.000000, 0.072034, 0.002899, -0.997398, 0.000000, 0.030700, 0.094060, 0.054193, 1.000000], [-0.974401, 0.223127, 0.028830, 0.000000, 0.189776, 0.883967, -0.427306, 0.000000, -0.120824, -0.410880, -0.903647, 0.000000, -0.002128, -0.068514, -0.031737, 1.000000], [0.999379, 0.003152, -0.035092, 0.000000, -0.003277, 0.999989, -0.003509, 0.000000, 0.035080, 0.003622, 0.999378, 0.000000, 0.000000, 0.000000, 0.375122, 1.000000], [0.645368, 0.004251, 0.763860, 0.000000, -0.002899, 0.999991, -0.003116, 0.000000, -0.763866, -0.000204, 0.645374, 0.000000, -0.000000, -0.000000, 0.415633, 1.000000], [-0.715395, -0.000000, -0.698720, 0.000000, 0.000000, -1.000000, 0.000000, 0.000000, -0.698720, -0.000000, 0.715395, 0.000000, 0.000000, 0.000000, 0.106732, 1.000000], [1.000000, 0.000000, 0.000000, 0.000000, 0.000000, 1.000000, 0.000000, 0.000000, 0.000000, 0.000000, 1.000000, 0.000000, 0.000840, 0.148818, -0.036606, 1.000000], [1.000000, 0.000000, 0.000000, 0.000000, 0.000000, 1.000000, 0.000000, 0.000000, 0.000000, 0.000000, 1.000000, 0.000000, 0.087341, 0.082764, -0.025025, 1.000000], [-0.975222, -0.161752, -0.150915, 0.000000, -0.137060, 0.977266, -0.161751, 0.000000, 0.173648, -0.137059, -0.975224, 0.000000, 0.085254, -0.034577, -0.031028, 1.000000], [1.000000, -0.000000, 0.000001, 0.000000, 0.000000, 1.000000, 0.000000, 0.000000, -0.000001, -0.000000, 1.000000, 0.000000, -0.000000, 0.000000, 0.019592, 1.000000], [1.000000, 0.000001, -0.000002, 0.000000, -0.000001, 1.000000, -0.000001, 0.000000, 0.000002, 0.000001, 1.000000, 0.000000, 0.000000, -0.000000, 0.019592, 1.000000], [1.000000, -0.000002, 0.000003, 0.000000, 0.000002, 1.000000, 0.000002, 0.000000, -0.000003, -0.000002, 1.000000, 0.000000, -0.000000, 0.000000, 0.019592, 1.000000], [1.000000, 0.000002, -0.000002, 0.000000, -0.000002, 1.000000, -0.000002, 0.000000, 0.000002, 0.000002, 1.000000, 0.000000, -0.000000, 0.000000, 0.039183, 1.000000], [1.000000, -0.000000, 0.000000, 0.000000, 0.000000, 1.000000, 0.000000, 0.000000, -0.000000, -0.000000, 1.000000, 0.000000, 0.000000, -0.000000, 0.019592, 1.000000], [-0.975134, -0.165329, -0.147603, 0.000000, -0.140482, 0.976184, -0.165331, 0.000000, 0.171421, -0.140484, -0.975130, 0.000000, 0.083802, -0.039588, -0.031316, 1.000000], [1.000000, -0.000061, 0.000013, 0.000000, 0.000061, 1.000000, 0.000054, 0.000000, -0.000013, -0.000054, 1.000000, 0.000000, 0.000000, 0.000000, 0.019580, 1.000000], [1.000000, -0.000061, 0.000018, 0.000000, 0.000061, 1.000000, 0.000054, 0.000000, -0.000018, -0.000054, 1.000000, 0.000000, 0.000000, 0.000000, 0.019582, 1.000000], [1.000000, -0.000102, 0.000052, 0.000000, 0.000102, 1.000000, 0.000094, 0.000000, -0.000052, -0.000094, 1.000000, 0.000000, -0.000000, 0.000000, 0.019584, 1.000000], [1.000000, -0.000102, 0.000061, 0.000000, 0.000102, 1.000000, 0.000096, 0.000000, -0.000061, -0.000096, 1.000000, 0.000000, -0.000000, 0.000000, 0.039172, 1.000000], [1.000000, -0.000073, 0.000054, 0.000000, 0.000073, 1.000000, 0.000070, 0.000000, -0.000054, -0.000070, 1.000000, 0.000000, 0.000000, 0.000000, 0.019588, 1.000000], [-0.973430, -0.179096, -0.142692, 0.000000, -0.152567, 0.971931, -0.179097, 0.000000, 0.170762, -0.152568, -0.973429, 0.000000, 0.078482, -0.052667, -0.031569, 1.000000], [1.000000, -0.000131, 0.000088, 0.000000, 0.000131, 1.000000, 0.000125, 0.000000, -0.000088, -0.000125, 1.000000, 0.000000, 0.000000, 0.000000, 0.019612, 1.000000], [1.000000, -0.000129, 0.000089, 0.000000, 0.000129, 1.000000, 0.000124, 0.000000, -0.000089, -0.000124, 1.000000, 0.000000, 0.000000, 0.000000, 0.019613, 1.000000], [1.000000, -0.000189, 0.000144, 0.000000, 0.000189, 1.000000, 0.000184, 0.000000, -0.000144, -0.000184, 1.000000, 0.000000, -0.000000, -0.000000, 0.019613, 1.000000], [1.000000, -0.000180, 0.000144, 0.000000, 0.000180, 1.000000, 0.000176, 0.000000, -0.000144, -0.000176, 1.000000, 0.000000, 0.000000, 0.000000, 0.039225, 1.000000], [1.000000, -0.000114, 0.000099, 0.000000, 0.000114, 1.000000, 0.000112, 0.000000, -0.000099, -0.000112, 1.000000, 0.000000, -0.000000, -0.000000, 0.019612, 1.000000], [-0.969844, -0.200707, -0.138259, 0.000000, -0.171012, 0.964608, -0.200706, 0.000000, 0.173649, -0.171010, -0.969846, 0.000000, 0.070738, -0.070318, -0.031661, 1.000000], [1.000000, 0.000000, -0.000000, 0.000000, -0.000000, 1.000000, -0.000000, 0.000000, 0.000000, 0.000000, 1.000000, 0.000000, 0.000000, 0.000000, 0.019592, 1.000000], [1.000000, 0.000002, -0.000002, 0.000000, -0.000002, 1.000000, -0.000002, 0.000000, 0.000002, 0.000002, 1.000000, 0.000000, 0.000000, -0.000000, 0.019592, 1.000000], [1.000000, -0.000003, 0.000003, 0.000000, 0.000003, 1.000000, 0.000003, 0.000000, -0.000003, -0.000003, 1.000000, 0.000000, -0.000000, 0.000000, 0.019592, 1.000000], [1.000000, 0.000002, -0.000001, 0.000000, -0.000002, 1.000000, -0.000002, 0.000000, 0.000001, 0.000002, 1.000000, 0.000000, 0.000000, 0.000000, 0.039183, 1.000000], [1.000000, -0.000003, 0.000000, 0.000000, 0.000003, 1.000000, 0.000002, 0.000000, -0.000000, -0.000002, 1.000000, 0.000000, -0.000000, -0.000000, 0.019592, 1.000000], [-0.962069, -0.247806, -0.114077, 0.000000, -0.213995, 0.944878, -0.247805, 0.000000, 0.169197, -0.213994, -0.962070, 0.000000, 0.066248, -0.083463, -0.031841, 1.000000], [1.000000, -0.000428, -0.000083, 0.000000, 0.000428, 1.000000, 0.000351, 0.000000, 0.000083, -0.000351, 1.000000, 0.000000, -0.000000, -0.000000, 0.019536, 1.000000], [1.000000, -0.000398, -0.000067, 0.000000, 0.000398, 1.000000, 0.000329, 0.000000, 0.000067, -0.000329, 1.000000, 0.000000, 0.000000, -0.000000, 0.019540, 1.000000], [1.000000, -0.000387, -0.000045, 0.000000, 0.000387, 1.000000, 0.000325, 0.000000, 0.000045, -0.000325, 1.000000, 0.000000, 0.000000, 0.000000, 0.019545, 1.000000], [1.000000, -0.000355, -0.000030, 0.000000, 0.000355, 1.000000, 0.000300, 0.000000, 0.000030, -0.000300, 1.000000, 0.000000, 0.000000, 0.000000, 0.019549, 1.000000], [1.000000, -0.000334, -0.000011, 0.000000, 0.000334, 1.000000, 0.000286, 0.000000, 0.000011, -0.000286, 1.000000, 0.000000, -0.000000, 0.000000, 0.019553, 1.000000], [1.000000, -0.000310, 0.000005, 0.000000, 0.000310, 1.000000, 0.000269, 0.000000, -0.000005, -0.000269, 1.000000, 0.000000, -0.000000, 0.000000, 0.019557, 1.000000], [-0.954964, -0.279682, -0.099100, 0.000000, -0.243005, 0.928831, -0.279682, 0.000000, 0.170269, -0.243004, -0.954965, 0.000000, 0.063341, -0.092238, -0.031947, 1.000000], [1.000000, -0.000638, -0.000314, 0.000000, 0.000638, 1.000000, 0.000474, 0.000000, 0.000314, -0.000474, 1.000000, 0.000000, -0.000000, 0.000000, 0.019460, 1.000000], [1.000000, -0.000599, -0.000278, 0.000000, 0.000599, 1.000000, 0.000450, 0.000000, 0.000277, -0.000450, 1.000000, 0.000000, 0.000000, -0.000000, 0.019471, 1.000000], [1.000000, -0.000568, -0.000234, 0.000000, 0.000568, 1.000000, 0.000434, 0.000000, 0.000234, -0.000434, 1.000000, 0.000000, 0.000000, 0.000000, 0.019482, 1.000000], [1.000000, -0.000770, -0.000278, 0.000000, 0.000770, 1.000000, 0.000599, 0.000000, 0.000277, -0.000599, 1.000000, 0.000000, 0.000000, 0.000000, 0.019492, 1.000000], [1.000000, -0.000699, -0.000201, 0.000000, 0.000699, 1.000000, 0.000556, 0.000000, 0.000200, -0.000556, 1.000000, 0.000000, -0.000000, -0.000000, 0.039011, 1.000000], [-0.944530, -0.323337, -0.057581, 0.000000, -0.288773, 0.901145, -0.323335, 0.000000, 0.156435, -0.288773, -0.944531, 0.000000, 0.055215, -0.101280, -0.030969, 1.000000], [1.000000, -0.000001, -0.000001, 0.000000, 0.000001, 1.000000, 0.000000, 0.000000, 0.000001, -0.000000, 1.000000, 0.000000, -0.000000, 0.000000, 0.019592, 1.000000], [1.000000, 0.000007, 0.000000, 0.000000, -0.000007, 1.000000, -0.000006, 0.000000, -0.000000, 0.000006, 1.000000, 0.000000, 0.000000, 0.000000, 0.019592, 1.000000], [1.000000, -0.000008, 0.000001, 0.000000, 0.000008, 1.000000, 0.000008, 0.000000, -0.000001, -0.000008, 1.000000, 0.000000, 0.000000, 0.000000, 0.019592, 1.000000], [1.000000, 0.000004, -0.000001, 0.000000, -0.000004, 1.000000, -0.000004, 0.000000, 0.000001, 0.000004, 1.000000, 0.000000, 0.000000, 0.000000, 0.019592, 1.000000], [1.000000, -0.000001, 0.000001, 0.000000, 0.000001, 1.000000, 0.000001, 0.000000, -0.000001, -0.000001, 1.000000, 0.000000, 0.000000, 0.000000, 0.039183, 1.000000], [-0.940704, -0.338369, -0.024140, 0.000000, -0.310803, 0.888206, -0.338371, 0.000000, 0.135935, -0.310803, -0.940704, 0.000000, 0.046247, -0.110070, -0.029342, 1.000000], [0.999999, 0.001095, 0.000567, 0.000000, -0.001094, 0.999999, -0.000818, 0.000000, -0.000567, 0.000818, 0.999999, 0.000000, -0.000000, -0.000000, 0.019750, 1.000000], [0.999999, 0.001033, 0.000508, 0.000000, -0.001032, 0.999999, -0.000781, 0.000000, -0.000509, 0.000780, 1.000000, 0.000000, -0.000000, 0.000000, 0.019733, 1.000000], [0.999999, 0.000962, 0.000450, 0.000000, -0.000962, 0.999999, -0.000735, 0.000000, -0.000450, 0.000734, 0.999999, 0.000000, 0.000000, 0.000000, 0.019718, 1.000000], [0.999999, 0.001326, 0.000558, 0.000000, -0.001326, 0.999998, -0.001034, 0.000000, -0.000559, 0.001033, 0.999999, 0.000000, -0.000000, 0.000000, 0.019704, 1.000000], [0.999999, 0.001194, 0.000439, 0.000000, -0.001194, 0.999999, -0.000951, 0.000000, -0.000440, 0.000950, 0.999999, 0.000000, 0.000000, -0.000000, 0.039370, 1.000000], [-0.947517, -0.319693, 0.002720, 0.000000, -0.303740, 0.897517, -0.319692, 0.000000, 0.099763, -0.303740, -0.947517, 0.000000, 0.040750, -0.116126, -0.027963, 1.000000], [1.000000, 0.000589, 0.000329, 0.000000, -0.000589, 1.000000, -0.000454, 0.000000, -0.000329, 0.000454, 1.000000, 0.000000, 0.000000, 0.000000, 0.019686, 1.000000], [1.000000, 0.000558, 0.000297, 0.000000, -0.000558, 1.000000, -0.000435, 0.000000, -0.000297, 0.000435, 1.000000, 0.000000, -0.000000, 0.000000, 0.019677, 1.000000], [1.000000, 0.000512, 0.000266, 0.000000, -0.000512, 1.000000, -0.000401, 0.000000, -0.000267, 0.000401, 1.000000, 0.000000, 0.000000, 0.000000, 0.019669, 1.000000], [1.000000, 0.000485, 0.000234, 0.000000, -0.000485, 1.000000, -0.000386, 0.000000, -0.000235, 0.000386, 1.000000, 0.000000, 0.000000, 0.000000, 0.019660, 1.000000], [1.000000, 0.000454, 0.000203, 0.000000, -0.000454, 1.000000, -0.000367, 0.000000, -0.000203, 0.000367, 1.000000, 0.000000, 0.000000, 0.000000, 0.019653, 1.000000], [-0.950633, -0.307203, 0.043856, 0.000000, -0.305432, 0.901298, -0.307203, 0.000000, 0.054846, -0.305432, -0.950633, 0.000000, 0.030700, -0.122956, -0.026593, 1.000000], [1.000000, 0.000000, -0.000000, 0.000000, -0.000000, 1.000000, -0.000000, 0.000000, 0.000000, 0.000000, 1.000000, 0.000000, 0.000000, 0.000000, 0.019592, 1.000000], [1.000000, -0.000001, -0.000001, 0.000000, 0.000001, 1.000000, 0.000001, 0.000000, 0.000001, -0.000000, 1.000000, 0.000000, 0.000000, 0.000000, 0.019592, 1.000000], [1.000000, 0.000000, 0.000001, 0.000000, -0.000000, 1.000000, 0.000000, 0.000000, -0.000001, -0.000000, 1.000000, 0.000000, 0.000000, 0.000000, 0.019592, 1.000000], [1.000000, -0.000001, -0.000001, 0.000000, 0.000001, 1.000000, 0.000000, 0.000000, 0.000001, -0.000000, 1.000000, 0.000000, 0.000000, 0.000000, 0.019592, 1.000000], [1.000000, -0.000000, 0.000000, 0.000000, 0.000000, 1.000000, 0.000001, 0.000000, -0.000000, -0.000001, 1.000000, 0.000000, 0.000000, 0.000000, 0.019592, 1.000000], [-0.939441, -0.315006, 0.134992, 0.000000, -0.342112, 0.885288, -0.315007, 0.000000, -0.020278, -0.342112, -0.939441, 0.000000, 0.015825, -0.130362, -0.025702, 1.000000], [1.000000, 0.000131, 0.000105, 0.000000, -0.000131, 1.000000, -0.000104, 0.000000, -0.000105, 0.000104, 1.000000, 0.000000, 0.000000, 0.000000, 0.019560, 1.000000], [1.000000, 0.000121, 0.000098, 0.000000, -0.000121, 1.000000, -0.000095, 0.000000, -0.000098, 0.000095, 1.000000, 0.000000, -0.000000, 0.000000, 0.019559, 1.000000], [1.000000, 0.000110, 0.000092, 0.000000, -0.000110, 1.000000, -0.000086, 0.000000, -0.000092, 0.000086, 1.000000, 0.000000, -0.000000, 0.000000, 0.019558, 1.000000], [1.000000, 0.000107, 0.000088, 0.000000, -0.000107, 1.000000, -0.000084, 0.000000, -0.000088, 0.000084, 1.000000, 0.000000, -0.000000, 0.000000, 0.019557, 1.000000], [1.000000, 0.000102, 0.000084, 0.000000, -0.000102, 1.000000, -0.000080, 0.000000, -0.000084, 0.000080, 1.000000, 0.000000, 0.000000, 0.000000, 0.019556, 1.000000], [-0.925032, -0.321992, 0.201585, 0.000000, -0.373056, 0.870144, -0.321993, 0.000000, -0.071728, -0.373056, -0.925032, 0.000000, 0.004004, -0.134235, -0.025613, 1.000000], [1.000000, 0.000122, 0.000109, 0.000000, -0.000122, 1.000000, -0.000097, 0.000000, -0.000109, 0.000097, 1.000000, 0.000000, -0.000000, 0.000000, 0.019556, 1.000000], [1.000000, 0.000116, 0.000104, 0.000000, -0.000116, 1.000000, -0.000093, 0.000000, -0.000104, 0.000093, 1.000000, 0.000000, 0.000000, 0.000000, 0.019555, 1.000000], [1.000000, 0.000105, 0.000097, 0.000000, -0.000105, 1.000000, -0.000083, 0.000000, -0.000097, 0.000083, 1.000000, 0.000000, 0.000000, 0.000000, 0.019554, 1.000000], [1.000000, 0.000098, 0.000091, 0.000000, -0.000098, 1.000000, -0.000077, 0.000000, -0.000091, 0.000077, 1.000000, 0.000000, 0.000000, -0.000000, 0.019552, 1.000000], [1.000000, 0.000098, 0.000089, 0.000000, -0.000098, 1.000000, -0.000078, 0.000000, -0.000089, 0.000078, 1.000000, 0.000000, 0.000000, -0.000000, 0.019552, 1.000000], [-0.916852, -0.329215, 0.225830, 0.000000, -0.389891, 0.860002, -0.329215, 0.000000, -0.085832, -0.389890, -0.916852, 0.000000, -0.001553, -0.133508, -0.025714, 1.000000], [1.000000, 0.000001, 0.000001, 0.000000, -0.000001, 1.000000, -0.000001, 0.000000, -0.000001, 0.000001, 1.000000, 0.000000, 0.000000, -0.000000, 0.019592, 1.000000], [1.000000, 0.000007, 0.000004, 0.000000, -0.000007, 1.000000, -0.000007, 0.000000, -0.000004, 0.000007, 1.000000, 0.000000, 0.000000, -0.000000, 0.019592, 1.000000], [1.000000, -0.000011, -0.000006, 0.000000, 0.000011, 1.000000, 0.000010, 0.000000, 0.000006, -0.000010, 1.000000, 0.000000, 0.000000, 0.000000, 0.019592, 1.000000], [1.000000, 0.000005, 0.000002, 0.000000, -0.000005, 1.000000, -0.000005, 0.000000, -0.000002, 0.000005, 1.000000, 0.000000, -0.000000, 0.000000, 0.019592, 1.000000], [1.000000, -0.000001, -0.000000, 0.000000, 0.000001, 1.000000, 0.000001, 0.000000, 0.000000, -0.000001, 1.000000, 0.000000, 0.000000, 0.000000, 0.019592, 1.000000], [-0.899052, -0.062704, 0.433328, 0.000000, -0.099483, 0.993062, -0.062704, 0.000000, -0.426389, -0.099483, -0.899052, 0.000000, -0.225027, -0.111890, -0.326317, 1.000000], [0.999938, 0.008467, -0.007227, 0.000000, -0.008569, 0.999861, -0.014277, 0.000000, 0.007105, 0.014338, 0.999872, 0.000000, 0.000000, 0.000000, 0.042195, 1.000000], [0.999931, 0.008928, -0.007684, 0.000000, -0.009043, 0.999846, -0.015063, 0.000000, 0.007549, 0.015131, 0.999857, 0.000000, 0.000000, -0.000000, 0.042748, 1.000000], [0.999924, 0.009320, -0.008111, 0.000000, -0.009447, 0.999832, -0.015735, 0.000000, 0.007963, 0.015810, 0.999843, 0.000000, -0.000000, 0.000000, 0.043370, 1.000000], [-0.908322, -0.132636, 0.396681, 0.000000, -0.199690, 0.970840, -0.132637, 0.000000, -0.367522, -0.199691, -0.908323, 0.000000, -0.095208, -0.070684, -0.029900, 1.000000], [0.999993, 0.003204, -0.002174, 0.000000, -0.003215, 0.999981, -0.005305, 0.000000, 0.002157, 0.005312, 0.999984, 0.000000, 0.000000, -0.000000, 0.039910, 1.000000], [0.999989, 0.003866, -0.002694, 0.000000, -0.003883, 0.999972, -0.006418, 0.000000, 0.002670, 0.006428, 0.999976, 0.000000, 0.000000, 0.000000, 0.039976, 1.000000], [0.999985, 0.004504, -0.003209, 0.000000, -0.004528, 0.999962, -0.007493, 0.000000, 0.003175, 0.007507, 0.999967, 0.000000, 0.000000, 0.000000, 0.040093, 1.000000], [0.999980, 0.005108, -0.003726, 0.000000, -0.005140, 0.999951, -0.008517, 0.000000, 0.003682, 0.008536, 0.999957, 0.000000, 0.000000, -0.000000, 0.040262, 1.000000], [0.999975, 0.005678, -0.004232, 0.000000, -0.005718, 0.999939, -0.009485, 0.000000, 0.004178, 0.009509, 0.999946, 0.000000, 0.000000, 0.000000, 0.040484, 1.000000], [0.999969, 0.006205, -0.004728, 0.000000, -0.006254, 0.999926, -0.010387, 0.000000, 0.004663, 0.010416, 0.999935, 0.000000, -0.000000, 0.000000, 0.040760, 1.000000], [0.999964, 0.006688, -0.005216, 0.000000, -0.006746, 0.999914, -0.011218, 0.000000, 0.005141, 0.011252, 0.999923, 0.000000, 0.000000, -0.000000, 0.041092, 1.000000], [0.999958, 0.007124, -0.005684, 0.000000, -0.007191, 0.999902, -0.011972, 0.000000, 0.005598, 0.012012, 0.999912, 0.000000, -0.000000, 0.000000, 0.041481, 1.000000], [0.999953, 0.007510, -0.006132, 0.000000, -0.007587, 0.999891, -0.012643, 0.000000, 0.006036, 0.012689, 0.999901, 0.000000, 0.000000, 0.000000, 0.041929, 1.000000], [0.999948, 0.007843, -0.0065